0
full
[[0.0000000e+00 0.0000000e+00 0.0000000e+00 5.9579196e-30 1.0000000e+00]
 [2.1052369e-20 6.7117856e-24 6.0027060e-36 4.5977333e-09 1.0000000e+00]
 [3.4186535e-25 1.2614112e-30 0.0000000e+00 3.7896440e-14 1.0000000e+00]
 [0.0000000e+00 0.0000000e+00 0.0000000e+00 2.0842441e-21 1.0000000e+00]]
discounted
[0.03125 0.03125 0.03125 0.03125]
1
full
[[0.0000000e+00 0.0000000e+00 0.0000000e+00 0.0000000e+00 1.0000000e+00]
 [2.3515229e-25 6.0892453e-34 5.1049716e-22 1.0982463e-17 1.0000000e+00]
 [6.2514201e-24 3.0787469e-31 2.1939639e-29 1.1792874e-13 1.0000000e+00]
 [0.0000000e+00 0.0000000e+00 0.0000000e+00 4.5536700e-31 1.0000000e+00]]
discounted
[0.03125 0.03125 0.03125 0.03125]
2
full
[[0.0000000e+00 0.0000000e+00 0.0000000e+00 0.0000000e+00 1.0000000e+00]
 [7.6482214e-38 0.0000000e+00 0.0000000e+00 3.6427294e-28 1.0000000e+00]
 [0.0000000e+00 0.0000000e+00 0.0000000e+00 2.3294299e-29 1.0000000e+00]
 [0.0000000e+00 0.0000000e+00 0.0000000e+00 3.0759028e-33 1.0000000e+00]]
discounted
[0.03125 0.03125 0.03125 0.03125]
3
full
[[1.0898391e-28 0.0000000e+00 0.0000000e+00 1.3926332e-29 1.0000000e+00]
 [1.3520964e-11 1.5466565e-15 1.5289163e-24 5.1538628e-01 4.8461369e-01]
 [1.1774830e-16 2.1866073e-25 0.0000000e+00 8.1069322e-16 1.0000000e+00]
 [2.4604752e-26 0.0000000e+00 0.0000000e+00 5.7960148e-17 1.0000000e+00]]
discounted
[0.03125    0.04735582 0.03125    0.03125   ]
4
full
[[0.0000000e+00 0.0000000e+00 0.0000000e+00 0.0000000e+00 1.0000000e+00]
 [1.2050094e-26 9.7294112e-24 0.0000000e+00 4.9725786e-31 1.0000000e+00]
 [7.9184224e-28 3.2952640e-29 0.0000000e+00 0.0000000e+00 1.0000000e+00]
 [2.7793528e-35 0.0000000e+00 1.1491091e-33 2.0648386e-37 1.0000000e+00]]
discounted
[0.03125 0.03125 0.03125 0.03125]
5
full
[[0.0000000e+00 0.0000000e+00 0.0000000e+00 8.3655563e-37 1.0000000e+00]
 [7.9797965e-28 0.0000000e+00 0.0000000e+00 1.0313609e-24 1.0000000e+00]
 [1.8021834e-26 0.0000000e+00 0.0000000e+00 4.0497655e-22 1.0000000e+00]
 [1.4011442e-35 0.0000000e+00 0.0000000e+00 3.3059806e-28 1.0000000e+00]]
discounted
[0.03125 0.03125 0.03125 0.03125]
6
full
[[9.3223429e-23 0.0000000e+00 0.0000000e+00 1.3533212e-17 1.0000000e+00]
 [3.8629473e-12 1.5278755e-14 8.7749377e-34 5.5888373e-01 4.4111627e-01]
 [4.3680076e-17 1.2642251e-14 5.9361877e-22 3.5301021e-13 1.0000000e+00]
 [8.7785557e-26 8.2206498e-34 7.7557969e-27 5.2385917e-13 1.0000000e+00]]
discounted
[0.03125    0.04871512 0.03125    0.03125   ]
7
full
[[7.9898382e-23 0.0000000e+00 4.0176891e-34 9.9434256e-18 1.0000000e+00]
 [1.1387105e-10 1.8873569e-11 3.5567147e-01 1.8679389e-01 4.5753467e-01]
 [1.2785241e-11 7.4817343e-14 8.2286658e-07 2.7314231e-02 9.7268492e-01]
 [9.2979555e-28 0.0000000e+00 7.7821255e-24 2.1900254e-14 1.0000000e+00]]
discounted
[0.03125    0.07043151 0.03210365 0.03125   ]
8
full
[[0.0000000e+00 0.0000000e+00 0.0000000e+00 7.1435465e-30 1.0000000e+00]
 [3.0432104e-19 1.3988235e-24 3.4654345e-26 4.4351805e-12 1.0000000e+00]
 [2.3556246e-26 0.0000000e+00 8.6600649e-37 7.0799799e-16 1.0000000e+00]
 [0.0000000e+00 0.0000000e+00 0.0000000e+00 2.8588308e-27 1.0000000e+00]]
discounted
[0.03125 0.03125 0.03125 0.03125]
9
full
[[7.0252032e-24 0.0000000e+00 0.0000000e+00 3.1578902e-19 1.0000000e+00]
 [3.8569301e-17 3.0705641e-21 0.0000000e+00 8.6053902e-09 1.0000000e+00]
 [2.7976777e-13 2.3817102e-17 1.5762154e-32 4.2420407e-04 9.9957579e-01]
 [2.9795718e-19 9.6850563e-30 1.6232790e-36 1.8930323e-11 1.0000000e+00]]
discounted
[0.03125    0.03125    0.03126326 0.03125   ]
10
full
[[1.7590802e-18 0.0000000e+00 1.4668853e-21 1.0154698e-13 1.0000000e+00]
 [1.1387105e-10 1.8873569e-11 3.5567147e-01 1.8679389e-01 4.5753467e-01]
 [1.1387105e-10 1.8873569e-11 3.5567147e-01 1.8679389e-01 4.5753467e-01]
 [6.3862992e-18 5.9042589e-28 2.0799189e-14 7.9736168e-10 1.0000000e+00]]
discounted
[0.03125    0.07043151 0.07043151 0.03125   ]
11
full
[[6.5530399e-13 1.5787804e-12 2.2376053e-22 6.5995276e-01 3.4004730e-01]
 [1.0498014e-19 1.0000000e+00 1.4451798e-13 8.2131558e-12 1.6371569e-09]
 [1.1387105e-10 1.8873569e-11 3.5567147e-01 1.8679389e-01 4.5753467e-01]
 [5.9128926e-12 5.1442505e-12 3.3168038e-14 5.1745397e-01 4.8254603e-01]]
discounted
[0.05187353 0.25       0.07043151 0.04742044]
12
full
[[0.0000000e+00 0.0000000e+00 0.0000000e+00 6.3473228e-24 1.0000000e+00]
 [6.9757173e-32 3.0709115e-31 4.9865710e-19 6.4940242e-18 1.0000000e+00]
 [4.6701461e-24 4.2928425e-19 1.8466126e-09 3.2027098e-12 1.0000000e+00]
 [3.4481769e-24 3.7506130e-21 1.6366748e-18 4.4353666e-12 1.0000000e+00]]
discounted
[0.03125 0.03125 0.03125 0.03125]
13
full
[[2.1832434e-22 0.0000000e+00 4.5246596e-34 1.0235615e-16 1.0000000e+00]
 [7.0596146e-17 1.9882637e-11 3.2292096e-15 3.5613776e-11 1.0000000e+00]
 [2.6134664e-13 5.4241390e-15 3.9181006e-03 5.4380373e-05 9.9602759e-01]
 [9.0835133e-26 1.7769334e-32 9.4086360e-20 1.5524816e-13 1.0000000e+00]]
discounted
[0.03125    0.03125    0.03161902 0.03125   ]
14
full
[[1.0432393e-12 2.0700537e-15 9.2312063e-13 4.3746410e-04 9.9956256e-01]
 [1.1387105e-10 1.8873569e-11 3.5567147e-01 1.8679389e-01 4.5753467e-01]
 [1.1911405e-23 1.0000000e+00 6.8314367e-16 4.7239431e-13 6.3374297e-12]
 [2.7572636e-25 9.0638744e-21 7.3925207e-08 1.8897293e-07 9.9999976e-01]]
discounted
[0.03126367 0.07043151 0.25       0.03125001]
15
full
[[3.65050767e-11 8.16569102e-14 5.41148574e-06 5.75434752e-02
  9.42451060e-01]
 [1.03809364e-10 1.52313145e-11 2.02995077e-01 1.29545376e-01
  6.67459607e-01]
 [1.13871051e-10 1.88735694e-11 3.55671465e-01 1.86793894e-01
  4.57534671e-01]
 [9.44299570e-14 4.56554391e-13 1.23694457e-01 1.95698291e-02
  8.56735706e-01]]
discounted
[0.03304874 0.05432908 0.07043151 0.04345791]
16
full
[[0.0000000e+00 0.0000000e+00 0.0000000e+00 5.2402875e-29 1.0000000e+00]
 [5.8264412e-28 1.5048397e-25 2.7683748e-31 1.7615410e-22 1.0000000e+00]
 [3.2978329e-19 2.4451692e-13 2.0542909e-07 1.1449496e-11 9.9999976e-01]
 [5.9400161e-22 1.5937636e-31 2.7459950e-22 2.6216159e-15 1.0000000e+00]]
discounted
[0.03125    0.03125    0.03125002 0.03125   ]
17
full
[[1.5561641e-35 0.0000000e+00 0.0000000e+00 5.8157217e-26 1.0000000e+00]
 [8.5614946e-21 3.5810019e-22 5.1252260e-22 2.4190972e-11 1.0000000e+00]
 [7.7560700e-14 6.2764367e-17 2.5151289e-04 2.2558061e-07 9.9974829e-01]
 [3.9993344e-29 0.0000000e+00 1.6211350e-17 2.2571447e-18 1.0000000e+00]]
discounted
[0.03125    0.03125    0.03127359 0.03125   ]
18
full
[[3.43612400e-13 1.28614492e-17 8.49320614e-13 1.19632336e-04
  9.99880314e-01]
 [4.46609798e-11 3.85117965e-10 4.19552416e-01 3.54695201e-01
  2.25752428e-01]
 [5.38156555e-23 1.00000000e+00 1.83485679e-18 3.08437217e-12
  5.16239898e-11]
 [6.64857373e-22 1.25038210e-17 2.32714927e-03 1.94594268e-05
  9.97653425e-01]]
discounted
[0.03125374 0.08166727 0.25       0.03146878]
19
full
[[5.44515232e-11 6.53279297e-13 1.53555538e-05 1.17756486e-01
  8.82228136e-01]
 [1.13704976e-10 1.85345871e-11 3.33126098e-01 1.79676667e-01
  4.87197191e-01]
 [1.13871051e-10 1.88735694e-11 3.55671465e-01 1.86793894e-01
  4.57534671e-01]
 [1.67421266e-13 6.24359776e-13 1.37779698e-01 2.39072796e-02
  8.38313043e-01]]
discounted
[0.03493133 0.06809547 0.07043151 0.04491395]
20
full
[[6.5312768e-37 0.0000000e+00 0.0000000e+00 2.6635180e-24 1.0000000e+00]
 [1.9149296e-23 3.0412443e-22 8.8521939e-35 2.4593820e-11 1.0000000e+00]
 [2.4354162e-15 5.5001198e-21 8.0729668e-28 1.6331983e-10 1.0000000e+00]
 [6.6705804e-19 1.1865540e-33 7.8052837e-32 4.6604729e-13 1.0000000e+00]]
discounted
[0.03125 0.03125 0.03125 0.03125]
21
full
[[7.3651136e-21 2.6944522e-24 5.7273355e-38 4.5504738e-09 1.0000000e+00]
 [4.0356187e-17 1.1792573e-18 2.2539706e-17 1.7821831e-07 9.9999988e-01]
 [1.1387105e-10 1.8873569e-11 3.5567147e-01 1.8679389e-01 4.5753467e-01]
 [3.1317836e-17 5.3426067e-17 2.0564531e-17 1.6692587e-06 9.9999833e-01]]
discounted
[0.03125    0.03125001 0.07043151 0.03125005]
22
full
[[2.6500590e-13 1.5722909e-19 4.2858406e-15 6.1574444e-04 9.9938428e-01]
 [4.8432226e-14 3.4207628e-13 6.4657301e-01 6.8479894e-06 3.5342011e-01]
 [2.0100754e-25 1.0000000e+00 1.1770840e-15 6.0458362e-15 5.4383169e-12]
 [1.1387105e-10 1.8873569e-11 3.5567147e-01 1.8679389e-01 4.5753467e-01]]
discounted
[0.03126924 0.09186643 0.25       0.07043151]
23
full
[[5.41046652e-11 1.14750413e-13 7.39481598e-02 3.73442434e-02
  8.88707638e-01]
 [8.56313701e-11 1.14372088e-11 1.30111918e-01 8.91449898e-02
  7.80743062e-01]
 [1.13871051e-10 1.88735694e-11 3.55671465e-01 1.86793894e-01
  4.57534671e-01]
 [9.48392366e-14 4.57637671e-13 1.23796254e-01 1.95995681e-02
  8.56604159e-01]]
discounted
[0.03934965 0.04623377 0.07043151 0.04346838]
24
full
[[6.1884267e-31 0.0000000e+00 0.0000000e+00 3.5704582e-22 1.0000000e+00]
 [5.5489518e-20 2.7028450e-22 2.1758159e-32 9.5211478e-11 1.0000000e+00]
 [2.3254426e-14 6.3175795e-18 5.0065204e-21 3.4628141e-07 9.9999964e-01]
 [5.1305154e-19 3.3276747e-31 2.1630916e-21 3.4669912e-13 1.0000000e+00]]
discounted
[0.03125    0.03125    0.03125001 0.03125   ]
25
full
[[2.38817917e-26 0.00000000e+00 0.00000000e+00 1.20383682e-20
  1.00000000e+00]
 [2.65620268e-16 8.91855654e-13 7.39152028e-08 6.68220146e-09
  9.99999881e-01]
 [6.20477194e-12 1.06248709e-13 5.04958816e-03 3.42511696e-12
  9.94950414e-01]
 [6.79374521e-18 1.26288395e-23 8.77924455e-10 7.27321676e-05
  9.99927282e-01]]
discounted
[0.03125    0.03125001 0.0317234  0.03125227]
26
full
[[1.0145890e-14 6.0344771e-20 0.0000000e+00 1.8191713e-01 8.1808287e-01]
 [7.0722012e-11 5.1626260e-12 2.4292572e-07 3.0316392e-01 6.9683582e-01]
 [9.0239621e-28 1.0000000e+00 4.8651654e-21 1.5826387e-18 6.2385337e-16]
 [1.1387105e-10 1.8873569e-11 3.5567147e-01 1.8679389e-01 4.5753467e-01]]
discounted
[0.03693491 0.04072389 0.25       0.07043151]
27
full
[[2.3092136e-11 4.4420864e-14 2.5997293e-10 6.4397052e-02 9.3560296e-01]
 [1.1387105e-10 1.8873569e-11 3.5567147e-01 1.8679389e-01 4.5753467e-01]
 [1.1387105e-10 1.8873569e-11 3.5567147e-01 1.8679389e-01 4.5753467e-01]
 [1.7102991e-16 1.3725783e-14 3.4241844e-02 1.9944059e-03 9.6376371e-01]]
discounted
[0.03326241 0.07043151 0.07043151 0.0345225 ]
28
full
[[2.0904878e-35 0.0000000e+00 0.0000000e+00 1.6261676e-28 1.0000000e+00]
 [3.8030590e-19 4.4147547e-20 2.3853220e-17 2.7255570e-10 1.0000000e+00]
 [1.1941946e-21 7.9475588e-22 1.1070804e-23 2.4000335e-26 1.0000000e+00]
 [7.8884843e-28 6.9141313e-22 1.8243746e-17 2.5007676e-33 1.0000000e+00]]
discounted
[0.03125 0.03125 0.03125 0.03125]
29
full
[[0.0000000e+00 0.0000000e+00 0.0000000e+00 2.6042480e-26 1.0000000e+00]
 [8.4119939e-21 1.9225637e-23 1.4179633e-20 5.4134556e-13 1.0000000e+00]
 [4.1220930e-14 1.5360355e-11 2.4541621e-14 2.3606960e-03 9.9763930e-01]
 [3.5744857e-18 5.7233622e-15 8.9952941e-14 3.0220726e-09 1.0000000e+00]]
discounted
[0.03125    0.03125    0.03132377 0.03125   ]
30
full
[[7.6522296e-28 0.0000000e+00 0.0000000e+00 1.5853517e-18 1.0000000e+00]
 [1.5723544e-18 5.5349441e-17 0.0000000e+00 4.5125075e-19 1.0000000e+00]
 [1.3753300e-11 7.1029974e-14 4.3563253e-01 1.1235312e-11 5.6436747e-01]
 [3.2442366e-25 7.4528683e-24 1.3518577e-03 6.4268409e-29 9.9864811e-01]]
discounted
[0.03125    0.03125    0.07209055 0.03137674]
31
full
[[1.5846210e-13 1.3505039e-15 3.6860961e-21 6.2367687e-04 9.9937636e-01]
 [3.1183320e-11 3.0641604e-11 5.7605126e-10 2.9809875e-03 9.9701905e-01]
 [1.1387105e-10 1.8873569e-11 3.5567147e-01 1.8679389e-01 4.5753467e-01]
 [1.3121516e-21 1.0000000e+00 1.5326557e-15 4.5711004e-12 6.8223877e-12]]
discounted
[0.03126949 0.03134316 0.07043151 0.25      ]
32
full
[[4.0983294e-38 0.0000000e+00 0.0000000e+00 4.5191330e-22 1.0000000e+00]
 [3.7635019e-26 1.7805207e-27 1.0930470e-17 4.7021764e-18 1.0000000e+00]
 [4.1782935e-19 2.7728215e-18 4.7414420e-11 2.7783938e-16 1.0000000e+00]
 [1.9032798e-28 2.0260312e-35 3.9241803e-14 1.5126350e-29 1.0000000e+00]]
discounted
[0.03125 0.03125 0.03125 0.03125]
33
full
[[0.0000000e+00 0.0000000e+00 0.0000000e+00 0.0000000e+00 1.0000000e+00]
 [3.4197092e-33 8.4331970e-29 7.7896442e-23 3.0139143e-25 1.0000000e+00]
 [6.0152062e-26 4.7365634e-25 9.7748709e-24 1.7555590e-20 1.0000000e+00]
 [8.8753511e-36 1.0776966e-36 9.4627978e-22 1.1167635e-24 1.0000000e+00]]
discounted
[0.03125 0.03125 0.03125 0.03125]
34
full
[[0.0000000e+00 0.0000000e+00 0.0000000e+00 1.6790107e-28 1.0000000e+00]
 [4.9327900e-31 6.3780721e-25 0.0000000e+00 2.9100986e-24 1.0000000e+00]
 [5.6783368e-16 2.6336488e-17 0.0000000e+00 3.9246730e-05 9.9996078e-01]
 [1.7622598e-30 1.6191318e-33 0.0000000e+00 1.2412156e-11 1.0000000e+00]]
discounted
[0.03125    0.03125    0.03125123 0.03125   ]
35
full
[[3.6638864e-27 0.0000000e+00 0.0000000e+00 0.0000000e+00 1.0000000e+00]
 [1.0021688e-23 1.0679061e-24 1.3748721e-35 0.0000000e+00 1.0000000e+00]
 [2.6804970e-17 5.6461374e-15 6.4448346e-07 0.0000000e+00 9.9999940e-01]
 [1.5198284e-16 2.7196806e-23 8.3120875e-03 0.0000000e+00 9.9168795e-01]]
discounted
[0.03125    0.03125    0.03125006 0.03202926]
36
full
[[4.4482950e-27 0.0000000e+00 0.0000000e+00 1.3153139e-21 1.0000000e+00]
 [4.0443005e-22 8.6930301e-22 2.8766915e-37 3.1301991e-14 1.0000000e+00]
 [7.7275917e-20 5.2359475e-23 2.8843519e-21 1.8905327e-10 1.0000000e+00]
 [6.6466093e-17 1.1648363e-22 1.3606469e-08 1.1376514e-10 1.0000000e+00]]
discounted
[0.03125 0.03125 0.03125 0.03125]
37
full
[[1.5827678e-30 0.0000000e+00 0.0000000e+00 1.7157479e-21 1.0000000e+00]
 [1.1540494e-21 2.8240504e-18 1.9458086e-27 3.1075002e-17 1.0000000e+00]
 [9.5278888e-22 5.5034766e-14 0.0000000e+00 1.8288164e-21 1.0000000e+00]
 [1.9189129e-25 2.4428908e-35 0.0000000e+00 4.4594893e-28 1.0000000e+00]]
discounted
[0.03125 0.03125 0.03125 0.03125]
38
full
[[6.6910309e-38 0.0000000e+00 0.0000000e+00 1.1014175e-33 1.0000000e+00]
 [2.3895412e-30 8.4197888e-30 3.2811428e-20 2.8954613e-38 1.0000000e+00]
 [7.0510779e-26 1.0593725e-18 5.1082691e-35 1.1581935e-31 1.0000000e+00]
 [0.0000000e+00 0.0000000e+00 0.0000000e+00 0.0000000e+00 1.0000000e+00]]
discounted
[0.03125 0.03125 0.03125 0.03125]
39
full
[[5.8933428e-11 7.3413601e-13 1.3951710e-01 6.4455993e-02 7.9602689e-01]
 [1.1387105e-10 1.8873569e-11 3.5567147e-01 1.8679389e-01 4.5753467e-01]
 [1.1387105e-10 1.8873569e-11 3.5567147e-01 1.8679389e-01 4.5753467e-01]
 [1.4447097e-13 5.7608725e-13 1.3403620e-01 2.2710258e-02 8.4325355e-01]]
discounted
[0.04634398 0.07043151 0.07043151 0.04452559]

